% --- VETORES DE CENTRO DE MASSA (1x3 cada) ---
Lcm1 = [-0.00258308  0.00024508 -0.01434968];
Lcm2 = [-0.02078894  0.00020016 -0.10516734];
Lcm3 = [ 0.00021912  0.00015355 -0.06228290];
Lcm4 = [-0.00172658 -0.00124140 -0.07369196];
Lcm5 = [-0.00014110  0.00085992 -0.03825278];
Lcm6 = [ 0.00002478  0.00000000 -0.00042157];
Lcm7 = [ 0           0          -0.05000000];
Lcm = {Lcm1, Lcm2, Lcm3, Lcm4, Lcm5, Lcm6, Lcm7};

% --- VETORES DE COMPRIMENTO DE CADA ELO (1x3 cada: X, Y, Z) ---
L1 = 0.067;
L2 = 0.185;
L3 = 0.055;
L4 = 0.000;
L5 = 0.000;
L6 = 0.000;
L7 = 0.165;
L = [L1, L2, L3, L4, L5, L6, L7];

% --- MASSAS (1 valor cada) ---
m1 = 1.15024566;
m2 = 1.88835161;
m3 = 1.11609910;
m4 = 0.75259416;
m5 = 0.50155485;
m6 = 0.02295501;
m7 = 0.01000000;

m = [m1, m2, m3, m4, m5, m6, m7];

% --- MATRIZES DE INÉRCIA ---
I1 = [ 0.00243841  0.00000307  0.00007261;
       0.00000307  0.00196766  0.00001257;
       0.00007261  0.00001257  0.00213107];

I2 = [ 0.01633569  0.00000387 -0.00034405;
       0.00000387  0.00924700 -0.00005334;
      -0.00034405 -0.00005334  0.01013560];

I3 = [ 0.00244760 -0.00000208  0.00000538;
      -0.00000208  0.00209164 -0.00000218;
       0.00000538 -0.00000218  0.00160460];

I4 = [ 0.00245792 -0.00000008  0.00003121;
      -0.00000008  0.00171567 -0.00002949;
       0.00003121 -0.00002949  0.00148628];

I5 = [ 0.00062165 -0.00000206 -0.00000303;
      -0.00000206  0.00059329 -0.00000288;
      -0.00000303 -0.00000288  0.00042075];

I6 = [ 0.00000357  0.00000000  0.00000000;
       0.00000000  0.00000358  0.00000000;
       0.00000000  0.00000000  0.00000563];

I7 = [(m7*L7^2)/12 0.00000000  0.00000000;
       0.00000000 (m7*L7^2)/12 0.00000000;
       0.00000000  0.00000000  0.00000000];

I = {I1, I2, I3, I4, I5, I6, I7};


tf  = 200;
kp  = 200;

% Posições Iniciais 
Pi = [  0.2;
       -0.1;
        0.3];

% Posições Finais 
Pf = [  0.05;
        0.3;
        0.3];

% Tipo da trajetória (1 = reta, 2 = curva)
Tipo = [1];

% Sentido da curva (1 = anti-horário, -1 = horário, 0 = não aplicável)
Sentido = [0];

% Raio da curva (0 para trajetórias retas)
Raio = [0];

tf  = 200;
g   = 9.81;